456590265748
456843806059
456053985765
456647189789
456000769649
456473798344
456253071988
456300451002
456569605533
456311720530
456541483305
456436389118
456020746112
456334119578
456077377579
456215623751
456579726780
456038375256
456311326170
456906359726
456756919494
456750780720
456680869917
456452103859
456239902347
456461167844
456061955628
456583848297
456240128248
456959378636
456460417988
456288478528
456925034139
456216573974
456406542491
456551844699
456411104660
456488462744
456521156274
456551565295
456301250041
456335349920
456560828579
456159354999
456072768473
456797856915
456796291389
456292429925
456053427085
456466626858
456869336769
456775863193
456817537387
456992217335
456527490365
456027587297
456761317405
456630149771
456035609065
456959747452
456699319492
456563977628
456685551384
456048971698
456149220797
456051793898
456746273038
456639629014
456019395004
456297860800
456414795522
456288712078
456742766885
456070027981
456501697343
456240605553
456287565087
456269399285
456887522889
456128967587
456121816297
456560417699
456114978873
456663018212
456160528787
456927833459
456313978618
456695949930
456041011044
456462776404
456345316546
456777816383
456164342713
456538050242
456448695020
456038136841
456821535453
456394579510
456154069908
456182615539
456628755038
456147199274
456578119069
456628936156
456568066385
456669351000
456829562659
456030094405
456360005571
456964235693
456362765892
456858115845
456091248026
456874566527
456387343972
456206895530
456774430885
456764971732
456258510475
456316538267
456842017277
456833283012
456976451246
456302743521
456752455579
456819645336
456444730284
456512263522
456395852139
456692804425
456896819232
456455300844
456357677054
456536433449
456255753215
456770903878
456407485120
456811795861
456355291184
456437773879
456873653989
456833281078
456546469027
456606687794
456357132238
456585510953
456874080622
456534527672
456751903467
456494068107
456542541136
456856779729
456000449467
456740372673
456867636707
456279193608
456652175638
456184268280
456862936515
456603768671
456182937050
456637341764
456422798910
456863022927
456441136527
456710650883
456172267760
456892791271
456490937137
456789202341
456047420462
456236491889
456084792629
456775383746
456060228007
456834793334
456064220116
456279198938
456214716008
456320255881
456315945826
456475208600
456045408591
456802908579
456096243752
456172467628
456370811376
456216095240
456709786912
456354348763
456546401565
456372676126
456353409798
456267127981
456739465041
456339104193
456445590964
456401104342
456680493713
456942849421
456719268224
456661076247
456961179695
456799617696
456955774678
456668218918
456757480535
456410436116
456855952384
456429785362
456079692603
456427749151
456638392980
456055928163
456201057762
456350034940
456370812395
456902524950
456975453635
456130042625
456247565418
456498154131
456714187365
456197975655
456807260824
456274729651
456967930590
456993259878
456315100099
456417875838
456978339055
456144639685
456512517079
456841466950
456939030745
456960753164
456825436194
456592217674
456103103972
456370621139
456587662040
456566603004
456159449255
456434956929
456968995305
456087166098
456894856650
456094220759
456502605547
456170497126
456305547400
456543229787
456449156574
456903109622
456261105291
456132379671
456740867141
456965725702
456860895597
456168266588
456633723404
456582707697
456809982845
456385886169
456750329290
456825063915
456293166784
456959984579
456195152963
456528649685
456180910574
456849845738
456773955650
456240449746
456363379401
456896181052
456499445497
456206580763
456807143395
456907093182
456717166814
456637614069
456422282964
456663379930
456414781003
456783077468
456726295455
456272337176
456142029845
456547458337
456611676288
456643520796
456377286923
456020695214
456065340806
456890753670
456144887308
456188689778
456166845054
456977799597
456286944729
456132547560
456935335125
456464618027
456651571236
456940862602
456465800270
456555993376
456355521817
456577068627
456855699382
456106687730
456260352952
456261934755
456924819875
456984479534
456369437412
456360059146
456972879988
456313703193
456437714624
456985762390
456140783148
456008158373
456525313113
456386049496
456171390328
456158417051
456445459182
456779617935
456220530666
456961737565
456744040552
456151813646
456241598684
456863358142
456893634274
456398810596
456438124202
456995007500
456724701839
456204800845
456380179825
456401377134
456006221060
456388375480
456702765832
456121460631
456929274800
456072741456
456290931561
456130013961
456273680682
456513180065
456536909245
456373937457
456864002988
456361908231
456527661202
456957315656
456101700927
456378776282
456949989999
456321577453
456826153523
456059916361
456104087302
456697945007
456897064201
456924619606
456161906736
456516552256
456317687376
456536065178
456121711652
456223723703
456694944091
456170982206
456316239322
456975012984
456141884557
456119829009
456282005983
456481645837
456756761816
456992134259
456770941310
456951490512
456801044779
456649546065
456546722323
456043418758
456355776468
456532836178
456662467218
456694131308
456599661305
456989426817
456382381432
456864931154
456008614898
456034172642
456540017024
456968888053
456313461049
456900134717
456314810851
456735551300
456346057746
456589487765
456596001917
456318959594
456223719486
456095770867
456868977749
456867999637
456509534556
456128140741
456159195450
456642781493
456827990128
456166739089
456310783319
456264627344
456575679121
456202909139
456212890282
456226672113
456183259972
456211630431
456635279588
456299846859
456385776117
456581399994
456340304723
456004533223
456862215316
456211513637
456736876586
456635701795
456364169901
456831406525
456784983989
456476069024
456858395604
456676219763
456694609655
456345252269
456765349308
456527658703
456762360985
456966623214
456546676668
456988373000
456608436011
456493083406
456504840478
456737629965
456123628373
456517003083
456072741169
456090162761
456274773102
456700789722
456213789269
456002068510
456511455269
456709835864
456601230722
456674630710
456660110127
456294567807
456321982040
456088439930
456664526751
456802875258
456288447237
456010913388
456803375716
456713280149
456823742050
456462837515
456455580743
456750448417
456670805124
456583308303
456542566580
456953770776
456081380572
456684244566
456576048173
456413059009
456815357278
456202264433
456254330143
456429290980
456963565445
456710681120
456087863087
456167227540
456878328784
456116485115
456683473654
456270876713
456486380100
456309064916
456745900404
456393317701
456891077561
456117152590
456725937932
456236658338
456883911443
456725707552
456677063430
456221886290
456338960368
456509788076
456222297640
456672073239
456215596448
456256010332
456234021933
456930647980
456694439203
456353127119
456368758661
456327697655
456354442372
456205856926
456974249834
456244632796
456608850153
456231175445
456803552869
456645412103
456830602227
456118872707
456545479643
456411890743
456546897391
456948576365
456024766406
456810067243
456117030347
456778185752
456552398683
456238688985
456265811973
456148598025
456641657518
456180110551
456384678876
456246007117
456656668086
456584354516
456804651542
456744894085
456048700717
456513887707
456900886173
456874515729
456097324270
456647658801
456163189744
456423520008
456433629964
456313623880
456875973418
456921210404
456552117843
456741667791
456667401775
456495698141
456298153365
456888097995
456619173512
456597454362
456753540002
456302639358
456761954317
456404949833
456721442950
456803289701
456133789714
456159575654
456006223695
456894729348
456454450209
456189717808
456320570072
456564221793
456913902136
456107544806
456567785400
456859536098
456183830936
456029039838
456797741486
456681745775
456658013677
456512644316
456086085290
456046250553
456476120423
456912971177
456732047980
456730483747
456179750808
456279560718
456270596160
456530577180
456220752002
456852228786
456775290547
456986589083
456589048078
456776438476
456505268542
456023714923
456263387318
456291440224
456062053948
456445682742
456794168548
456952839422
456323822071
456986617213
456147161977
456293189119
456601248588
456830008065
456593742443
456612870791
456699704465
456506555402
456910853506
456873989261
456201222046
456923789759
456571540799
456425100200
456671421935
456747044676
456348657414
456710162217
456799157881
456005371804
456441073984
456268491359
456681614403
456851716908
456806988173
456556459847
456759249377
456137754258
456726485159
456162768284
456697766399
456659784120
456695240428
456004918878
456399187424
456832312036
456209710836
456538843152
456046293243
456625965117
456939449100
456120119545
456854103331
456608754659
456379785953
456094820951
456436063675
456299533828
456307734791
456059534138
456000262771
456250010896
456979455364
456010009583
456209928241
456786405645
456993344840
456729062408
456275676225
456658240456
456442308001
456621043818
456033933405
456433752839
456394787187
456666856791
456708175611
456682812704
456286010536
456299982207
456098604926
456810601244
456832906945
456153479755
456347226020
456705627819
456660237943
456871722532
456866210235
456859387910
456488609452
456580270964
456761987387
456227228911
456287275817
456132629194
456376541279
456648358165
456898340439
456507073290
456230313222
456167509884
456356019676
456217050769
456919404292
456358211794
456661147092
456259176579
456289296340
456548544753
456669500021
456515151509
456472688898
456471237979
456674452632
456209518405
456646469534
456155868466
456554725109
456476145560
456349753490
456467164656
456065880671
456847946246
456303262698
456208859266
456513677550
456552756053
456826566645
456035108477
456805859770
456913253886
456858945933
456802454329
456922145111
456636717439
456412431625
456945135838
456126533071
456115485018
456175618899
456240978798
456133437215
456932692593
456407319118
456533571881
456645508632
456932839856
456800292420
456383949052
456731914207
456202715149
456146176125
456140369974
456297940729
456003645074
456164077127
456717665242
456711194865
456190510525
456417694867
456589851349
456398517065
456727496702
456811303170
456425734274
456726791235
456233218509
456854836645
456800065894
456806871351
456238773794
456949927826
456980341771
456477850341
456097074082
456407019607
456057736046
456010976306
456872182374
456646013837
456086025510
456479745778
456543875070
456556446682
456433039724
456902304611
456961975845
456585363610
456407200562
456473692741
456890221010
456960475915
456968410270
456004074261
456962246490
456884414930
456979177236
456819587198
456059190400
456911987757
456766743014
456809545928
456735331990
456257509263
456611631484
456235209524
456833776853
456613234195
456069311475
456268058488
456361417876
456969770470
456770359763
456952643226
456128349785
456468977594
456265259387
456054007611
456391404790
456759652720
456983850810
456686804539
456153753675
456064661518
456565938374
456001176058
456864719516
456089602799
456866843425
456345729106
456245678343
456079092701
456055004546
456752633051
456885628581
456717746328
456203081064
456332715759
456233422148
456041224413
456011093552
456876938492
456904697981
456344522352
456924510011
456758908271
456163890874
456409969831
456729433682
456203243397
456623039032
456565554930
456335934127
456077009944
456309186568
456971700012
456416551196
456389337348
456941868962
456522312766
456841041746
456515696669
456593676908
456132461616
456294137250
456055301650
456469519725
456589196885
456380149041
456487304863
456775494299
456135264399
456791257528
456418177130
456353262021
456762773958
456083049528
456910235800
456057339944
456627380650
456336789954
456659476047
456183519071
456043310316
456123283575
456879482380
456479016396
456289503221
456330489448
456340999477
456698765681
456355976716
456598090818
456139850740
456185270777
456246944396
456769607168
456802384256
456468767909
456304673462
456381440988
456413426056
456089534354
456869954627
456973419941
456832633381
456583715686
456469221941
456361673854
456961785333
456269007488
456808743442
456246899995
456531843585
456998616089
456909105595
456428813908
456355879177
456365799620
456759867395
456319123505
456333549263
456626338292
456788563404
456336754537
456085548466
456664742863
456468516687
456814867626
456074841495
456340655757
456687958114
456689950358
456328124047
456781169786
456390960919
456639684268
456175793251
456501335009
456478860296
456262060319
456880126062
456872278282
456944840896
456508278828
456890292602
456848119803
456902713853
456989349969
456092429795
456093919250
456986246279
456862205515
456387572358
456168230018
456618350659
456549196458
456631034779
456721438871
456540464402
456611640533
456763542814
456612344385
456924896976
456985544432
456058622167
456299091514
456967166123
456566077885
456358349715
456306489720
456103169885
456507987022
456379934248
456047214550
456688190703
456757228918
456180003188
456102578570
456126241237
456670862461
456074867187
456504273797
456044332694
456569766438
456850915963
456983771251
456047277028
456321638478
456552735892
456349006396
456791348545
456614461406
456924772059
456895124901
456198047279
456303476051
456444617818
456728860153
456426537329
456491152443
456078096942
456727105773
456548408832
456805316291
456088062136
456371144727
456216068127
456149995988
456995306886
456815300769
456266422033
456245197310
456888443522
456417720068
456438041987
456765498102
456447185780
456835932165
456854203196
456315074867
456340741540
456854218402
456478748927
456542999002
456860674153
456910630562
456818634818
456608166323
456464940875
456088472600
456757269861
456277317612
456183744801
456552900056
456536238649
456438953303
456256899805
456534512791
456055381820
456847927560
456840859141
456615728703
456164662216
456062774719
456192309839
456489955213
456587668162
456769464262
456552896394
456815588475
456969415971
456893825663
456242317478
456013627648
456174210593
456506111693
456703727030
456284702595
456315309828
456816752408
456995785214
456430414464
456163648589
456040830690
456764260415
456511792672
456934340593
456998046492
456379861897
456392355684
456382467478
456473289948
456855735157
456075571924
456736908569
456032388036
456307758448
456413146492
456799994721
456936111820
456676363924
456360899914
456678574847
456612359619
456471541654
456243935677
456248821648
456753912481
456325756498
456810017288
456907575963
456728538991
456934878668
456288430786
456646027371
456281039100
456526726687
456034957158
456255180440
456637251586
456777283578
456843655460
456700868614
456117367219
456314967318
456486569771
456320770640
456057417517
456996947878
456804552833
456472655518
456804865341
456044582794
456801637372
456453417904
456928992433
456553356764
456072247006
456655267195
456788985769
456803107138
456823779219
456144006045
456008393512
456666445150
456708908469
456392701184
456522961900
456047844839
456079604899
456641518033
456637341997
456437475883
456700093176
456449656571
456569403133
456855442107
456975844085
456600769870
456550533623
456325723514
456907011090
456247994201
456254365459
456613665463
456217078429
456173051814
456553581425
456286581200
456915509878
456172023000
456681552631
456891915906
456791765330
456050901366
456538142597
456002127321
456685572160
456233385710
456317887615
456951491553
456520348192
456718775777
456418859092
456548958235
456117976150
456331811286
456967865047
456388506121
456698235852
456968515867
456243425736
456482136543
456026760334
456788442108
456590974760
456548316699
456041793355
456781255681
456269071169
456570966377
456706757096
456414645563
456379977338
456937018022
456791054444
456428747807
456549199870
456677656747
456000804753
456373922841
456806848940
456571527287
456983800589
456070275850
456452655725
456903044458
456154902468
456359136806
456171597002
456538935347
456976192038
456710130338
456749444758
456970976468
456715028232
456741415926
456803680340
456655914165
456222519930
456837412577
456658455374
456944709856
456471787009
456816309374
456391310449
456322940285
456589219422
456742964002
456911392906
456018260179
456607921484
456499308000
456510290222
456397856238
456256289752
456536869525
456912800456
456420359206
456860466066
456687043856
456344094774
456025941330
456227972629
456399173058
456039689155
456580961293
456920866729
456339245246
456125105714
456570366200
456711439830
456845114059
456755847396
456737949841
456159388032
456057634776
456460629368
456682936973
456009552099
456719381286
456457624174
456697501923
456483420378
456669778376
456003695174
456498487652
456729508337
456651465330
456856629609
456047041999
456498025233
456493756198
456176544585
456365940011
456575073688
456184138925
456249286034
456241787196
456463390495
456325250675
456777836484
456847267134
456979174648
456689634601
456361112290
456601337716
456411189676
456369769812
456731327314
456688150465
456876045403
456234398911
456509236302
456046755568
456378550485
456410038324
456409820163
456602374927
456310874231
456202578552
456576574955
456634440667
456338504810
456468286289
456622540836
456835237233
456357596406
456697258231
456774599026
456054544895
456049828455
456995644149
456843283758
456295616640
456204718933
456392883602
456244556417
456395645722
456195683941
456287628750
456990236887
456488743105
456511007443
456911837154
456740748232
456916160103
456678868264
456926177525
456923506648
456070158671
456914741633
456618707931
456031971323
456938119651
456342517761
456235330978
456459622447
456131165635
456708981215
456765700231
456294263941
456680181059
456863539777
456088904108
456330131708
456093760603
456259114945
456160985484
456444189824
456448827580
456099427577
456424302707
456941802648
456539618218
456547408401
456400326850
456580134314
456470611169
456874122133
456490799287
456346017869
456612538760
456143750609
456078392432
456532639650
456345349683
456063512512
456921912769
456938189049
456587462044
456074405247
456530532140
456671847382
456594582428
456603481347
456927393329
456569245155
456067303166
456101113848
456770215994
456616889202
456744277923
456387519004
456916387478
456427360900
456956792847
456447623894
456843092421
456502594977
456174213338
456081487200
456590680893
456590469901
456735658899
456644289447
456694079646
456117199832
456440103717
456359249615
456312770528
456808134052
456374070311
456639039313
456343025466
456020353705
456004895748
456477111220
456792177730
456601429458
456828381997
456593370435
456766736205
456617796938
456708674812
456614368710
456178176499
456418366048
456708756727
456022855040
456723217131
456010994791
456137206378
456216603585
456153598630
456644088901
456682159781
456130379094
456098767103
456812173192
456048261703
456911588201
456067057829
456532852164
456248322870
456326814867
456954082144
456966176588
456336849060
456621419270
456942148062
456278349831
456943427019
456708147480
456687886100
456909842482
456987328174
456208276900
456052977449
456691091680
456213153364
456902500963
456790453507
456471300735
456722607800
456328654415
456980689827
456273236064
456521079999
456904726478
456729988805
456375763969
456930097059
456823310890
456800924356
456201000989
456416629908
456198941120
456384659565
456261233049
456072825277
456774562929
456968994427
456912027569
456764126971
456756028070
456351593505
456218309864
456911673439
456988649244
456961881114
456463928918
456154696469
456939358971
456115706725
456487190164
456857137497
456415369870
456624599781
456187204601
456828035604
456848015704
456192256174
456905787117
456102545914
456952088870
456199984834
456597087898
456148494306
456050788576
456666591453
456656111541
456298340215
456214601207
456886771188
456600494916
456754732404
456153921534
456025048514
456758700707
456654551304
456129929720
456146365525
456396183360
456705757320
456793549703
456271473065
456986934821
456621539112
456168427128
456806580436
456865796433
456937038495
456419553990
456834212804
456637924425
456060123830
456152229210
456920943762
456018972812
456491013318
456704621049
456673738704
456498451998
456025199840
456435221972
456613317321
456316200190
456977456338
456850407533
456838872917
456405420555
456055833848
456195655355
456817335161
456950233574
456606355104
456410093037
456464496239
456068734380
456623474264
456711274340
456896457447
456360372903
456165977765
456927013985
456260530615
456032257398
456805536076
456754683282
456466614781
456049547658
456814814769
456309430508
456815497797
456010518262
456964764903
456245464845
456408387933
456166432583
456003958332
456391172907
456969309482
456738308000
456046139881
456800115237
456429533634
456001411179
456261254340
456188183934
456786845339
456119252312
456878033224
456775363715
456628717258
456964700640
456187680841
456722326149
456913467267
456520565649
456204712482
456806777764
456950016426
456138992330
456396372838
456376928380
456128267667
456965014975
456346812230
456016215806
456107453625
456370349002
456846965518
456132306269
456795026906
456730061936
456752134301
456001927637
456361529265
456238598605
456823839734
456741571160
456411909341
456945528751
456614811620
456366890728
456574131119
456116350402
456669198267
456144103074
456451498093
456614648281
456399626704
456599526362
456534171077
456170082218
456154445982
456748864554
456795558271
456728461811
456918208204
456008585318
456432094994
456685632770
456814318683
456475443875
456954355725
456158749541
456021345945
456509348064
456046136036
456643381425
456633654839
456163278532
456835568323
456852539619
456104160744
456826673576
456726564347
456354827202
456607096756
456152469545
456287832439
456041920277
456946842548
456289593604
456706554735
456640948649
456682035742
456175324743
456426348764
456241206123
456751399396
456613059886
456572100752
456569946831
456202550433
456405063244
456746517953
456349186659
456222812948
456714178918
456932805616
456835349133
456726475895
456739728882
456291526063
456039076206
456239875254
456566430353
456247071782
456650143283
456504849792
456394878953
456591505131
456668794109
456946878479
456458256463
456168370605
456738032477
456738841907
456434144249
456682636830
456360518727
456424102892
456232689518
456995586599
456933261725
456829243154
456432598019
456196029635
456989851371
456527098660
456804286789
456366357225
456022827281
456393434329
456361566174
456943966209
456875197540
456163854574
456539625534
456058237806
456768740834
456613099394
456969212452
456301854720
456046711626
456674578689
456102673394
456016832356
456609993141
456880589773
456753773735
456835700621
456271497545
456765069775
456806128400
456922083349
456035859316
456201698783
456906090397
456811859491
456650993189
456036340002
456018206773
456428751869
456425672136
456647073280
456815924579
456446097233
456619388627
456806706217
456960135341
456003349555
456628949432
456770286936
456254608651
456283976004
456604088818
456953908258
456804468448
456927937748
456318495415
456538555917
456989018556
456152564898
456283397221
456850608086
456910205452
456644388990
456357836517
456135024543
456269077467
456776286224
456841735879
456174645047
456199969255
456236886102
456877630368
456662793221
456727236832
456520230142
456083083586
456675788126
456418728558
456953975243
456300611546
456601879445
456875572587
456664258220
456531757307
456986042399
456796197365
456100092173
456859679979
456604284011
456162026381
456217447696
456969897108
456577875038
456770928621
456352642233
456745250473
456652480709
456534682265
456902593481
456007567610
456663232351
456830082701
456560593259
456914503451
456533155522
456961278934
456502289143
456276894764
456903980434
456572762758
456187503708
456464118741
456689707647
456330151482
456655575706
456896970676
456262547303
456618400018
456019034203
456658432797
456093313200
456922384907
456545272927
456725034648
456482633259
456965431595
456828822520
456197920280
456140954641
456299417291
456274412309
456753910665
456226283936
456890900023
456364972279
456260973258
456911506596
456963955804
456761136100
456665643990
456218441527
456099459210
456502707609
456952830409
456690703760
456377556438
456995615332
456289205086
456228889499
456587884581
456975133902
456870791376
456857223938
456358888968
456179894248
456904475569
456072280016
456190351084
456092168403
456793505407
456100692661
456495553131
456590899074
456097993037
456144372194
456804090801
456710447983
456541977958
456860708270
456524490750
456004937844
456320885089
456009895972
456313834167
456254979276
456556725189
456945478398
456206608109
456765047827
456582870325
456645611777
456616137635
456696930564
456968021771
456259522781
456759135393
456394282060
456318637253
456614028240
456642412424
456224990353
456610636639
456557436715
456933901621
456206207974
456373889141
456718764481
456734306893
456178752300
456024435128
456980979261
456094855608
456338917323
456187935768
456007925961
456995818477
456832843865
456005434992
456123715758
456553100696
456068994963
456728358599
456112369681
456074464671
456449514045
456654295792
456947095809
456958099167
456562543593
456772464367
456761936819
456967649718
456942657713
456413518377
456843759228
456890630689
456727399945
456778412295
456856675639
456254566386
456438581240
456901551326
456894374364
456075467091
456478866915
456643159544
456912435774
456543282917
456208511345
456178576451
456441529470
456602098250
456500681779
456827861120
456885293378
456590010684
456303403786
456164956526
456587334214
456375716464
456629285037
456968528756
456688953398
456939994181
456079861829
456911303097
456683246816
456822973719
456490403769
456163330619
456491563792
456402231216
456214475989
456372861528
456006272011
456075465988
456883872516
456740852877
456415516522
456690992611
456959294289
456137670592
456230149755
456380256487
456649746544
456619240495
456028600209
456642176772
456337713126
456482153480
456807165838
456119189372
456007052716
456618790182
456261854532
456121821232
456277893808
456446675488
456708585738
456334677901
456946293947
456820023616
456755672490
456044238222
456198385325
456209467157
456070634357
456787396686
456732656779
456175743466
456930507990
456876211445
456989855042
456317930697
456671882150
456715093804
456393026709
456224043838
456157885929
456370192808
456570086127
456352305624
456472923964
456323723234
456629871455
456359168554
456570574834
456283066576
456804160996
456421232605
456854151344
456466617592
456406546199
456305425024
456251225722
456847944940
456896661893
456791326533
456187453942
456367915278
456947533798
456641760969
456284697904
456529139524
456203522890
456654546682
456769516718
456961808937
456264642379
456228903757
456321158212
456517762271
456075326769
456127712595
456398154890
456489886246
456999449832
456929241799
456976497250
456300875897
456348006354
456001131958
456791695515
456242084050
456017449329
456639731446
456913784625
456716929114
456472575750
456557628449
456682748544
456606085420
456431998723
456916750438
456686146423
456019610341
456457775980
456838807612
456462801301
456374516349
456279855282
456093141648
456829759917
456796935361
456454745944
456262174215
456843971216
456371265001
456040788576
456714527879
456973234389
456362152184
456467117853
456272910542
456661490256
456852964579
456817771357
456355437516
456718717227
456924727377
456254175790
456110785631
456589341228
456985607806
456017051946
456278555796
456593792219
456807481085
456406396803
456837270992
456527726085
456027547605
456121511421
456234188853
456836984513
456636346448
456416712778
456362632425
456797539357
456799799325
456359453533
456223555208
456054840668
456619379805
456729580416
456730592384
456480350816
456057942054
456065669663
456541529820
456040448574
456648711749
456361082022
456150595607
456509998945
456777608648
456167854248
456470991498
456228326862
456943482141
456813888451
456335976102
456712641388
456714603579
456611104775
456566938317
456176842742
456867732683
456237740774
456968002290
456385245070
456939147008
456307701657
456771718767
456670109025
456973473644
456959645516
456242078143
456917194840
456024622736
456231887439
456694144730
456337339976
456108728190
456412858503
456013114523
456317575260
456993247524
456259369982
456938469840
456110705411
456291461559
456375871411
456977864187
456059840442
456618246048
456364959672
456273234052
456690865704
456272442539
456790786220
456945427929
456063021702
456633406836
456893716133
456455698846
456415068318
456367974919
456440867815
456039544077
456145139343
456625107162
456509459391
456128111278
456034298431
456487208532
456296166085
456289275747
456997908329
456687692973
456852262005
456700936912
456004193003
456106659035
456749275895
456719837926
456614061949
456454077904
456479815556
456506847595
456080861668
456149117676
456007633958
456996705137
456152185893
456936858756
456304741972
456415113199
456352105528
456976942081
456447755312
456021477803
456709566114
456918599243
456045029522
456726746352
456845935238
456125258442
456846935663
456384577217
456818861702
456548399812
456031596507
456637802995
456084326112
456732112291
456664239216
456497399793
456743104748
456645714418
456198258368
456862223576
456789954746
456782314435
456316188507
456088630084
456517094273
456976968417
456826548518
456142638526
456685266377
456178566599
456929078523
456830822787
456022426598
456543558755
456173225553
456660439204
456937989675
456179262210
456245048124
456639468364
456579253938
456081584767
456754845367
456393822215
456023187824
456497448490
456288779806
456257867681
456431129274
456893965885
456014469004
456482823349
456377380655
456394691785
456329143714
456022660608
456031080032
456180101684
456875840954
456002511734
456667940554
456745646570
456473796823
456341236737
456141402149
456654265589
456260842710
456739372641
456050002028
456059124744
456928798782
456509481711
456943894616
456858303806
456702648551
456921635460
456768766289
456363313574
456006324840
456531880221
456497770335
456308042597
456876339032
456245649236
456631521504
456189378921
456941366737
456340061626
456004923418
456787574563
456946119584
456727774811
456223116888
456008955872
456409670173
456181504657
456990648337
456839430466
456428296090
456540266045
456813506606
456293542535
456891084806
456372596853
456651617727
456699575344
456621688297
456934878388
456230941502
456256116516
456200163251
456914729542
456834910478
456109731358
456318686873
456508145387
456047620131
456187528958
456633049706
456746680269
456543871248
456088563667
456379570729
456538601936
456119628430
456641229009
456401353094
456233198255
456939212267
456980081395
456355720783
456073278334
456111962871
456263073614
456690501881
456630765240
456930176367
456821960235
456287966416
456075192121
456406644757
456592152521
456880749447
456634568748
456470397975
456140526240
456815471228
456975426219
456167260774
456573055140
456915369028
456725632595
456518213725
456456429942
456899330304
456308609493
456562131455
456041260123
456164953256
456061394246
456171167911
456186998274
456980726948
456731967772
456079584246
456788438016
456665588250
456060304011
456836359580
456396234442
456623733313
456589743858
456970740419
456896426231
456143066309
456245500303
456491770647
456167747872
456997862957
456752595551
456112146013
456060162308
456009500456
456412889694
456987735247
456401842520
456562476744
456959191981
456520026892
456106126471
456706095625
456214921635
456919752680
456917339779
456909399515
456632119813
456246429561
456792306160
456087574977
456249955954
456373629251
456636833638
456529259200
456653852826
456283029601
456997578773
456022118497
456762540542
456817950592
456961785360
456701543073
456790818523
456060869430
456569348053
456623287479
456864353158
456193476759
456322417996
456041793054
456503818251
456368798544
456218601534
456839374677
456935129031
456732243328
456356093066
456515322164
456772044896
456623835248
456270798225
456004823333
456553162895
456736109573
456871961972
456472940537
456062001215
456448340613
456918152376
456523990597
456228181693
456863191413
456958673857
456142934600
456681433387
456109655951
456082403786
456021562429
456420740094
456534301202
456434720768
456519919448
456422779160
456493849010
456213024964
456410937842
456621859914
456103245640
456054366764
456686514452
456201508195
456139234126
456712347230
456312682201
456461773647
456481006957
456843668046
456371806145
456821409591
456748066799
456420361670
456574205188
456631567113
456865695026
456482873415
456035634329
456743802299
456526906039
456772752339
456060048986
456624426516
456905323619
456663847225
456926347171
456118377462
456777253727
456715845031
456182132318
456103584273
456992713427
456228622012
456382313111
456397975642
456559981741
456357599149
456695654734
456732120640
456805741832
456588185723
456418675854
456319227507
456313182751
456844491199
456914532675
456711373570
456840094423
456197259393
456006911717
456715690754
456189514768
456210735933
456730269233
456056610175
456247368544
456353501540
456660300173
456293723692
456399969971
456981422726
456238103791
456320871247
456034005047
456729855131
456797425443
456919350105
456954993610
456311516294
456463134077
456678254548
456689042804
456900261936
456383843481
456479484070
456629746498
456429552660
456397742086
456127751704
456891857544
456645465196
456785983393
456309496352
456026234730
456405639941
456469778255
456944251119
456650702491
456550271449
456324624341
456383202850
456262846428
456968477885
456556560193
456949294636
456735613268
456085881245
456238873765
456030622212
456030514753
456581446247
456814603157
456240629308
456021715986
456974190314
456440974356
456539761230
456131037264
456826689732
456966114939
456800046330
456679317950
456857701856
456086343089
456543135173
456423523961
456013403660
456411341161
456838283050
456706208011
456278022125
456474616813
456324609020
456932291656
456361101673
456830039212
456719574813
456958389922
456551294367
456471956000
456123972452
456806651775
456734256770
456564556925
456479861313
456204860588
456903344301
456095360343
456851983723
456351005632
456201336771
456243155775
456032325335
456449745615
456666486663
456908347855
456048486386
456299806078
456514205291
456306431866
456349351680
456010329272
456282610036
456678586250
456613089240
456162212309
456652109361
456439932242
456350615742
456592031912
456096061547
456531227601
456098953882
456154418614
456233716266
456105070052
456277723019
456646039996
456497051747
456676953143
456490261056
456234328809
456862387930
456925607145
456803319473
456341517838
456754332867
456028581754
456773395115
456413022792
456240267368
456210670948
456151208382
456978193497
456133816600
456786483367
456809157562
456191207405
456729183313
456691627689
456183909048
456546934956
456572562418
456004780584
456776737389
456503796691
456049353690
456703899997
456352164496
456638502218
456608819852
456138787411
456363607912
456291568934
456092882763
456667532440
456502975622
456304813286
456795865844
456930394789
456968027303
456888387947
456439561244
456301393386
456027936051
456229390869
456382877291
456025984422
456045566784
456406427419
456061988098
456039709154
456131533966
456984673869
456698461400
456676878171
456633586470
456968863979
456660974691
456590848578
456342397303
456141009784
456332584269
456986993594
456611872259
456458499318
456849213950
456690267306
456556339049
456143863505
456207894606
456025512265
456951396898
456587694792
456721682687
456552515850
456890685390
456306963876
456278589969
456085949751
456626816400
456631996448
456970758659
456044167482
456314948459
456663798298
456528839347
456065381906
456205310153
456916645034
456060581698
456313781582
456663477456
456906457428
456195124175
456642182670
456229336698
456855736083
456731656119
456991546840
456900506460
456554122325
456703480521
456775036075
456940584758
456455853676
456044126799
456692281794
456742473514
456273555996
456215470194
456800547982
456022812501
456406054976
456248134540
456011067516
456533674551
456594848514
456268694113
456674957648
456312219191
456856074813
456897302222
456288735201
456337516659
456516518580
456251427979
456587075414
456664169195
456070938404
456345252891
456661855684
456295081393
456011920433
456563208739
456593128301
456983783611
456923514324
456230330691
456513679816
456318426141
456962571621
456037418277
456726525300
456322193580
456527894044
456973925726
456215132642
456698946017
456784474112
456842081013
456196509569
456641123494
456969751066
456158440525
456138807825
456904947199
456588356207
456642848057
456835394253
456268496553
456195092318
456970281652
456521343737
456683459740
456066388742
456562027451
456855931565
456070653122
456914081312
456593382327
456967720181
456400441488
456375799570
456254333822
456544978515
456901846755
456620510417
456174028246
456848886058
456271775848
456796459255
456783091192
456883113025
456572325182
456419702636
456272476385
456384102654
456887839055
456558661811
456487582081
456960726962
456047408779
456690676307
456263918334
456742675134
456687049525
456745704322
456018354770
456323205327
456993077180
456462286156
456475694434
456839689966
456899656902
456344268083
456339729673
456402734671
456026693292
456963895798
456274764022
456282479952
456868255758
456554574927
456797581127
456322635536
456330390535
456792912501
456633843202
456268982667
456413382837
456769891389
456686887466
456859196819
456159581797
456173111341
456563365495
456800233981
456569494867
456380047660
456777913172
456439891012
456866480527
456271074911
456281953333
456303909899
456540840637
456096315553
456218890190
456538985959
456607575058
456333998360
456707307674
456587092731
456054675611
456689702343
456995684227
456526393281
456271866975
456063627859
456399036255
456602691187
456215101897
456690072454
456588392215
456477324012
456962323958
456092260819
456271416036
456805400468
456060180820
456317503497
456260433029
456680382037
456422815736
456954979211
456009540144
456859480736
456681742568
456069401896
456168890272
456028213180
456620827989
456542400520
456646177799
456257228960
456025232440
456792274480
456128772747
456147529256
456499494556
456709319293
456820264543
456735266283
456727639058
456003307408
456841458373
456262286296
456571668506
456874899837
456838869375
456746917006
456556199670
456752532727
456700321925
456322738964
456071709949
456442978022
456610415262
456040879492
456413966095
456319044351
456532307256
456828788616
456250226652
456651954778
456766632552
456760524890
456457446204
456353961451
456830749936
456259169889
456341392447
456093638740
456730314131
456385516033
456732791846
456907000097
456091459435
456169023453
456302042044
456511869700
456879881956
456002440565
456576558593
456247937941
456139819165
456841388271
456454036620
456297858627
456403814388
456588223105
456600891081
456807939338
456364081845
456400211593
456241453951
456129364174
456994668280
456986758322
456312306588
456994889112
456187789493
456098210701
456512391195
456193387228
456804293064
456274364328
456165723982
456427631199
456659511680
456701718659
456143592281
456969097168
456665289011
456509646684
456445730110
456851091051
456034235093
456180648342
456953353601
456124825388
456396760059
456677618011
456675696920
456248785104
456995458119
456074398998
456657950127
456808486893
456981625196
456462521500
456506419819
456146026097
456390297981
456200473570
456641669754
456904085644
456260032107
456290330830
456813419133
456126203208
456819213386
456057006703
456509256116
456980238166
456074244054
456021160499
456209556812
456067647207
456417873172
456782040686
456172301978
456502732747
456952625308
456296289044
456497907119
456913022246
456498007039
456094522235
456742389916
456713489905
456629952857
456813240639
456726944449
456075927183
456426314088
456375715710
456426799437
456633090541
456474947996
456676975543
456168089251
456242205503
456438328640
456023917659
456344787061
456417674878
456449645141
456735927561
456138718489
456774108196
456354867746
456367108546
456740208658
456490641830
456718495707
456468530974
456641248357
456322671036
456480717855
456054213968
456569720917
456394507152
456944220390
456732743874
456045476871
456113598589
456167446027
456096680498
456409577235
456339278329
456868070991
456510456274
456286846596
456321332552
456471586560
456973532277
456306808625
456525450876
456326296676
456758675902
456128908146
456054578895
456534749078
456816926958
456724885483
456378006779
456943827020
456369627286
456808808311
456632373978
456445703035
456037207153
456227750475
456270169317
456433648565
456972311410
456749183341
456411774325
456698259831
456605885410
456814638010
456178766904
456144175492
456057656793
456444405636
456599719935
456359758269
456477719202
456031258876
456358364810
456207756209
456834913591
456159139730
456087751858
456365250502
456203805630
456725752171
456330216561
456003950885
456629664844
456339107857
456975577177
456292138720
456579399919
456374836904
456104172792
456678959628
456260023781
456601407885
456770617575
456775296017
456201910586
456556465245
456204306205
456973420725
456370458741
456815335436
456468968070
456511210815
456761540254
456658581308
456649278620
456822255256
456511103495
456472893623
456304379377
456969172715
456766008697
456609420198
456662936034
456082075764
456593412578
456508248309
456141409877
456828385376
456176637668
456790459231
456887796268
456967776077
456712572675
456209517367
456079507375
456123676598
456806601673
456229740462
456118892781
456579968358
456028676030
456825203620
456439360754
456865877534
456462522425
456520365142
456069883611
456642737570
456961050359
456702228208
456423470296
456894874755
456179688342
456011858464
456975541397
456076058446
456411395299
456123533713
456618700558
456657572220
456862282004
456779890365
456729298515
456672067299
456171430841
456369970817
456829626033
456702660835
456283167217
456036376893
456522372223
456191083578
456534446308
456976833887
456047557895
456309593973
456009015146
456486629719
456601625826
456641694375
456252629237
456132560049
456519787629
456095377058
456153987616
456941505470
456464357917
456072794592
456572055841
456655413532
456348558917
456389051496
456593773560
456615407010
456630754430
456091943000
456636089719
456037931212
456970215293
456464781555
456826840615
456019141458
456880727006
456006131949
456242920055
456782774033
456498472273
456083148379
456273975271
456292784239
456342298456
456819307392
456171988044
456640991217
456965313859
456228002048
456595845835
456820378926
456180130931
456930554879
456885078806
456538365517
456717429391
456834178937
456594378638
456650310935
456969817280
456286386032
456156875548
456390967527
456526356362
456471406651
456155734481
456927438926
456518355632
456197745054
456969664204
456001189180
456441299526
456258648222
456315417373
456961462164
456962644006
456578693200
456435962730
456291783475
456616211822
456573824089
456933766253
456412465219
456533119169
456848677025
456593922163
456001695312
456339456222
456980536179
456380503170
456693994484
456473237334
456358824300
456946385013
456473343271
456263538931
456196177430
456443373536
456757310716
456574465522
456174549858
456139620102
456158815057
456958531259
456177496682
456811746058
456307970513
456471259338
456215344189
456639826506
456683131248
456464075567
456773715634
456887599866
456962800795
456444229400
456405636415
456654414147
456181280381
456345242855
456838992427
456608230094
456862516153
456769669328
456368948985
456298697958
456404353055
456351362309
456581340428
456657436829
456470598077
456264313654
456846435313
456887755914
456230887446
456554597564
456409881359
456195605122
456404948598
456558762473
456100233740
456768042929
456933210909
456920999966
456598122097
456561960617
456148767093
456368873013
456793133606
456718150670
456304291906
456870702655
456540443467
456847989208
456844046401
456781836349
456674164253
456039118974
456510962078
456758706523
456828580856
456678715477
456145697661
456107389211
456126326438
456604018016
456112789482
456575389541
456888000509
456355588133
456814279994
456102898541
456779636085
456062979040
456111799124
456970696860
456080101089
456633775219
456522198691
456815115028
456410205948
456272997991
456072915244
456306572695
456091775764
456024477573
456491929201
456148541561
456322358527
456484373341
456657459702
456613239098
456032208217
456881221473
456313045002
456175359956
456367946388
456267654572
456574283365
456457866011
456042741609
456950147332
456177782025
456389930542
456928206187
456378126041
456300574195
456231165084
456842770533
456974445662
456617842100
456213198715
456825058288
456133194851
456626279266
456619822193
456077625698
456434822208
456502384996
456344875169
456456261058
456802340007
456785986808
456285470269
456991765196
456462558522
456377276584
456192353731
456778574193
456652802037
456005906948
456599927808
456794417444
456091668225
456247715881
456156176540
456847412163
456952721929
456738462246
456926027679
456872237276
456559115014
456650105478
456029001712
456212733661
456894277390
456269497555
456709428479
456303047194
456672396368
456955474283
456858102828
456007264326
456251566832
456716167061
456605709830
456823763238
456467982599
456094973983
456293068529
456509249609
456545571296
456545567560
456939055723
456949812121
456517569744
456766112606
456718720991
456679580005
456409813273
456289189640
456537526367
456921257126
456482155632
456591958292
456203049352
456464165785
456838929871
456711464464
456466043631
456343679988
456852702614
456444791489
456140235742
456133733809
456115360474
456645414156
456880664287
456892455153
456634916323
456017247706
456686071604
456714954502
456073102351
456113490618
456357830466
456564794886
456066639660
456186445360
456415922980
456353488528
456913147043
456856961295
456799699408
456097479183
456160643891
456896389655
456238867301
456880516326
456728226420
456242349308
456500654490
456066592138
456041453092
456835376528
456345331680
456593851241
456908359261
456059898647
456961283442
456521921011
456842698953
456164348751
456452875970
456800944836
456816420578
456086144838
456280293657
456377077871
456731281148
456394036207
456764788122
456302932129
456094483681
456366810238
456069320733
456078193019
456132246992
456011523340
456775516795
456330020389
456371926916
456700613574
456737633757
456984675737
456509355684
456905356334
456586336065
456769089846
456612377144
456552660842
456093626655
456431034115
456916608204
456821576344
456746352458
456154420672
456216572880
456377479572
456854270338
456295391875
456019457934
456181235083
456258529722
456395501759
456712576867
456032481940
456865190085
456775300715
456214178661
456009797502
456109268177
456383562020
456696926904
456004686387
456731003708
456306267584
456259667353
456739067874
456903474138
456116511499
456294429051
456670023099
456335914759
456051557460
456969387177
456477654294
456175378215
456845695039
456856357381
456689929805
456486512744
456211791141
456664145493
456098840883
456234323987
456732440021
456889020655
456071567136
456195052248
456816017366
456367366953
456647737362
456037988167
456777908492
456020400827
456020163074
456435330120
456371253677
456346881580
456787003059
456371223850
456976013863
456825278735
456382562806
456998659126
456228882510
456092049058
456666234869
456292163980
456519480250
456927670649
456313522163
456952460304
456425240021
456147795075
456701942157
456463860774
456796836897
456589523899
456693898133
456168578150
456269525635
456966265806
456946409920
456057073632
456564022074
456434466285
456933211174
456220736142
456866408932
456039381339
456808033759
456339051819
456254326979
456528318985
456779003418
456756634384
456563931894
456809543483
456656555708
456116544876
456075819280
456823064371
456551567921
456299587418
456102592011
456743328920
456201775109
456285658535
456678611137
456674789857
456457626725
456265365355
456400193653
456391746057
456747894893
456213856084
456646052589
456671560776
456266042424
456574713584
456114599960
456639896230
456763155836
456032318811
456259795530
456041965305
456512542093
456999175422
456848809491
456132930095
456873192542
456448171923
456564335461
456013852410
456533556497
456378565229
456381484058
456323958207
456835914996
456089678727
456636495388
456530927697
456016417974
456224729393
456603312318
456266878050
456456098124
456519264812
456409255669
456412966350
456728112815
456133459405
456328639290
456119394593
456724262226
456111485998
456948275269
456258646036
456755189198
456777982312
456195017533
456532976842
456528804655
456712271298
456324645078
456890577055
456987530194
456167211519
456784654270
456497074608
456982502210
456690357518
456570525042
456545829590
456519831157
456343545109
456243875093
456257025420
456785864164
456407274520
456941039249
456746461752
456866310801
456808334660
456990929232
456422172710
456823991558
456877137251
456499889120
456067276163
456036648337
456738031043
456256853663
456343493840
456178441740
456252923162
456886332519
456064038205
456132850563
456538030054
456877460674
456847022023
456228579733
456917321258
456784943165
456196887509
456677681876
456042731281
456799478532
456556534108
456480837896
456591230924
456832984941
456146416775
456000887355
456981119619
456925645913
456963625773
456865525366
456477688392
456271178283
456766728762
456277081969
456364322658
456024518510
456349578411
456386578723
456255532507
456743252981
456453934529
456431080426
456288783254
456737700941
456386390397
456447113832
456993866510
456884965321
456112422572
456255507713
456178419929
456192526055
456769199418
456897083527
456682068518
456777890376
456534638525
456088793430
456639244927
456672332493
456298898875
456066218965
456828322419
456521801842
456727278683
456335109830
456917564407
456314457419
456391354389
456850922690
456923328790
456169038614
456730547840
456055782914
456214744002
456594060261
456301648070
456988455182
456536250910
456852037346
456841933537
456124773448
456482088247
456055519856
456367714317
456939977909
456703888331
456758649302
456842744571
456732047165
456929115496
456571456542
456988135850
456667200058
456179110398
456045316312
456192933319
456184455341
456756935643
456213720863
456746023875
456933234242
456281904231
456882279782
456833110917
456843192306
456965314459
456221471347
456135785198
456401734544
456482215347
456956722298
456869896364
456840780576
456762652313
456299338749
456828998323
456117885319
456098494682
456244001736
456679071394
456815324263
456962309139
456587964531
456367944171
456705219673
456402784772
456259194882
456482023592
456926838225
456729371078
456735306449
456386527109
456018504451
456812068659
456489683801
456784710466
456238472337
456311923731
456599703356
456598097148
456517369564
456234484647
456120195153
456032782915
456360217920
456844933765
456885578111
456362906064
456162312251
456746092790
456895381728
456169981977
456212857405
456334920976
456145327012
456544547962
456288643236
456245852720
456400009134
456874321513
456791089298
456040163470
456893616436
456187649319
456247360309
456903030464
456034006805
456151411174
456086605434
456781336282
456157340053
456546745476
456585249903
456731146394
456141519791
456663623299
456149078383
456812120815
456680388697
456351100785
456667961385
456764731197
456915779156
456721712358
456143931343
456189952425
456304263011
456708280666
456264553284
456645128731
456987894351
456633437364
456699493656
456053927722
456880013697
456403811378
456788004178
456285999793
456032694486
456650412444
456670562592
456239836675
456154652033
456829357632
456043250453
456564236744
456214444113
456494290091
456602098026
456389441948
456577107994
456226007522
456481845693
456783214330
456920836326
456685750549
456564003710
456345483587
456680519706
456757999005
456977734094
456548852864
456693693348
456197732018
456286770545
456272059957
456644644520
456869570666
456788058647
456892046817
456744750748
456112125922
456720500202
456163796586
456654100936
456939487271
456516813775
456296206897
456566977049
456613857319
456182601356
456043961212
456688228517
456381467155
456219228591
456297960138
456129051370
456916073888
456163565669
456707926182
456331287457
456392994098
456926086174
456437622872
456200076135
456473578039
456896252083
456466119219
456123383036
456928188335
456212058595
456768255589
456432587181
456600461751
456550919644
456001024353
456090115522
456710855358
456721812426
456346426205
456666951420
456071105811
456319960970
456168450768
456187124585
456772219714
456188236398
456655749785
456225795611
456987475400
456250159964
456562568791
456809751425
456196452846
456914865496
456212169620
456206494238
456148223236
456305280204
456949525063
456888863360
456575083032
456190936292
456308615133
456127450220
456931199448
456590089827
456022558379
456055841629
456073942612
456586669871
456973146688
456851694802
456821605954
456386745430
456514095829
456461586437
456897403888
456023117807
456479053544
456911988344
456978209884
456551276729
456309009911
456411381902
456797662115
456835067882
456951200133
456878212885
456579446048
456303807953
456007666745
456876546973
456252508994
456732851135
456819538643
456742229511
456584046422
456249431945
456880557696
456956336667
456032261244
456065199827
456005329234
456518705796
456938770322
456117388803
456386285805
456079168198
456305423298
456174155857
456359255461
456573799069
456020502752
456221986343
456215968188
456618680603
456614593018
456527964348
456877159579
456236855890
456806260208
456454156995
456173902479
456886232303
456000268864
456688507102
456538162895
456999628460
456993626872
456236788189
456152742421
456461664920
456593844120
456136406993
456644358541
456560424507
456123860748
456408816649
456193771851
456427910712
456517315203
456008890413
456327974957
456182372509
456829171428
456429461471
456105783978
456418127988
456436700485
456412929088
456420283667
456077658764
456254923905
456990568750
456004829844
456883844271
456523576458
456933520134
456592391143
456945012859
456865511222
456706502941
456222144559
456847132686
456067891822
456242917317
456076755646
456960613871
456934873506
456454792936
456081296869
456651894565
456086335278
456074569313
456391473032
456931280470
456704662859
456634927260
456140918522
456345506631
456096000818
456687372423
456019955658
456837423490
456606358250
456489613097
456925888974
456459391561
456909254331
456143206246
456501507513
456319582864
456215314597
456193805672
456648036294
456823582062
456394723409
456101791938
456175228182
456199472070
456839416308
456805933426
456069355419
456598061745
456331473687
456997544968
456513069568
456072225217
456216924100
456351349222
456653947241
456085722945
456517719176
456305720070
456267395806
456842860693
456719797550
456807416415
456685300501
456005846473
456247310948
456437388265
456762825029
456927622167
456724468904
456508640949
456994812123
456686804227
456006511049
456274667111
456678478543
456710332317
456966635793
456516751011
456956196502
456924499775
456585910515
456623066592
456281920031
456854615754
456251554628
456790175199
456773335446
456125627854
456722729247
456762690318
456976081924
456301133335
456681594863
456184218632
456330156374
456686882700
456901146789
456596143359
456638123490
456527314815
456030045631
456730027262
456522396717
456705482161
456710333690
456740614962
456671091945
456282498577
456339791543
456090572158
456924752141
456042969497
456004380615
456991937592
456378596917
456828686009
456701148729
456756468017
456368894574
456666944369
456558547417
456077885589
456796676859
456660340400
456352829165
456877314133
456376250628
456798237487
456513615824
456070376730
456239863925
456986772190
456286853750
456277405527
456760269590
456882901171
456291184465
456743897532
456430917346
456984536468
456719154829
456832336478
456023400296
456928253945
456961100096
456513100685
456519433562
456837288631
456260328697
456068815197
456991501838
456033690720
456190750298
456696810570
456625317265
456178707889
456706205191
456590566899
456047120058
456151213286
456435066412
456726920627
456312812613
456786505125
456524745570
456715034773
456317004437
456142976092
456350693115
456114531575
456592380654
456839750861
456322555766
456407867765
456759648977
456734137005
456042629660
456274275601
456879155105
456733200927
456327045363
456973346664
456274294289
456281639465
456756947006
456971160523
456255879114
456075303393
456681478278
456266520303
456037953023
456721237150
456607677766
456140903620
456328075541
456318106615
456053401103
456388233889
456602234875
456979304671
456511108716
456789279605
456439507252
456958395383
456425862368
456097550324
456087233170
456874658280
456336678516
456117966892
456193648121
456804674410
456566090631
456214486983
456719804691
456548488050
456329771695
456139390143
456840741927
456657130102
456740692997
456568181177
456085802387
456666615072
456984441309
456643109181
456419814433
456111714909
456196249235
456196248212
456356619921
456326934352
456087671471
456528932407
456042326761
456705065424
456993073482
456809882480
456753295699
456633072872
456626183705
456569005097
456607072549
456253172499
456299801626
456618385041
456618937451
456388954301
456331990182
456267704272
456764686224
456651170170
456424493500
456306535729
456934126741
456512753020
456731816102
456777674610
456660749112
456438519953
456438235889
456186702285
456270722758
456091687008
456954125661
456942373046
456912948298
456282107414
456057379477
456125776472
456844308626
456007005964
456265997913
456778999486
456231659958
456627669158
456887549323
456364223226
456857872855
456212448683
456853826982
456251019758
456364368225
456313252794
456709197061
456117008822
456484471626
456255807894
456144745599
456411646089
456934533108
456616481832
456260902268
456773278446
456917448538
456264183152
456361660799
456706290847
456253948087
456513660118
456152779564
456741524196
456425947779
456225686286
456152787716
456855511208
456890215934
456898208164
456656520178
456316108221
456978919481
456788453427
456981333282
456769301470
456728267959
456428362170
456247761176
456680240430
456969929395
456017508120
456390238562
456998320197
456379230231
456195869022
456398763076
456781424447
456738949342
456347096597
456717806907
456835142380
456092945338
456232356499
456131337565
456308603784
456261043487
456829127061
456981106531
456623649132
456985033540
456393164697
456833932943
456407301969
456081289075
456614746827
456511018190
456650586204
456190391868
456196812143
456135179949
456073963031
456131829000
456078258744
456051434070
456665043352
456472689713
456042532478
456771868074
456651222287
456050321751
456388367504
456335572189
456243230300
456482781169
456673542127
456607293343
456993042040
456844228392
456563971826
456626417869
456012299640
456142535438
456613748288
456283871191
456311987565
456225569544
456164151487
456765194624
456766000209
456011114427
456383418209
456104223615
456003188519
456914038564
456810679374
456040423822
456327899821
456787337058
456356099158
456071175808
456116825742
456579306632
456029586723
456307819952
456960502355
456628656085
456487947183
456174918583
456215289294
456043312361
456556915354
456309492865
456063210357
456283141725
456513863925
456822098224
456435363590
456165618046
456091105981
456695485798
456192582802
456350909350
456074590198
456034618799
456813632785
456128616115
456160052191
456968980980
456687456623
456171541144
456483740207
456893060395
456021001467
456947224458
456374953575
456765284620
456905118008
456739246726
456851281633
456591070775
456079855747
456043589010
456274650389
456854679746
456499242221
456387933405
456119839067
456347848361
456419274969
456600054711
456347724096
456080599971
456906538927
456174694681
456509775414
456985296123
456891653142
456994514234
456133350368
456390435034
456400563061
456311874153
456284887923
456780706600
456020179782
456393681065
456792673179
456517266949
456256510579
456406865299
456707292230
456185693221
456959413883
456258325410
456420806871
456904863885
456146347688
456177073416
456430573628
456161990066
456264173950
456825210190
456503901325
456928970069
456145862233
456397719821
456895536234
456431907112
456829321202
456533019416
456067753806
456056383616
456498728879
456969540069
456230780854
456641034944
456334173175
456718098439
456489759172
456695339552
456931238178
456186230202
456966913595
456467268528
456528211811
456242613633
456001331118
456628636230
456494053356
456198749051
456420408968
456000332425
456197713829
456153166938
456505047856
456804310009
456664471775
456292477329
456354626187
456391565545
456793738757
456096385902
456898102222
456118682291
456856140329
456967100428
456252409807
456497267756
456855652641
456379139823
456975847331
456684625639
456213923700
456847071824
456101470973
456547334652
456465169326
456040384488
456414898472
456312664124
456764918537
456781305101
456344589232
456788682454
456525011229
456033162401
456273737654
456267701046
456020324974
456559351649
456475917232
456372692287
456584612171
456189966674
456351880563
456147421635
456359739488
456902498381
456585661387
456342442914
456770090668
456818514373
456974688571
456947533533
456967697927
456907744714
456146721771
456523775157
456805782403
456935567547
456039476956
456095072721
456794113359
456203792842
456514309585
456156405916
456761686755
456062548364
456413693049
456401405556
456841970176
456188773055
456966702517
456191400915
456872170801
456471925106
456494987199
456639937082
456778744292
456594070701
456834309476
456436209697
456231679319
456025330646
456259955175
456868722919
456953230750
456508740845
456784401016
456369518525
456063690767
456243048029
456616947088
456674119761
456224009058
456742116145
456133655271
456125996093
456192973000
456995908620
456347062991
456597601116
456239559986
456254043818
456591636186
456123426185
456830638134
456232134373
456461423267
456238127760
456065440772
456265898614
456411496404
456555052445
456147767806
456531952845
456101356891
456633564452
456275772204
456020056292
456112016200
456226776322
456620860448
456872378506
456386184445
456602118034
456406695537
456545560932
456267473254
456425865207
456148543905
456184179259
456634268089
456038663912
456818257443
456950821612
456145530638
456366022384
456538240535
456325135331
456297600691
456892177006
456194920624
456524350059
456343379443
456534063183
456429967201
456834469657
456964445573
456193642443
456866175561
456549669350
456528914570
456731054687
456809887117
456140163987
456610163097
456934726976
456644570286
456406853358
456267321320
456525167557
456312023335
456747071062
456529281093
456100437815
456831656704
456254577172
456391864386
456643190849
456657712352
456895639304
456187884500
456479061640
456634705644
456266082320
456054457443
456151683486
456069682324
456112766035
456474493416
456368670965
456429281852
456944127199
456880733671
456946128386
456195430859
456114173619
456152040684
456268930480
456427722852
456674472448
456298535018
456941676046
456743935599
456719373459
456418226482
456052542085
456615858979
456436537792
456593420002
456846717899
456095831576
456363172470
456721102853
456477191379
456656740353
456745253637
456872191406
456626281908
456989729198
456711581437
456920638008
456370902529
456549287964
456595315115
456564534587
456190119290
456865586928
456805940937
456004972759
456363953520
456862234622
456890481882
456641546933
456386781492
456394473402
456635829276
456773627132
456587481373
456411529210
456459953773
456905162693
456510507029
456601378286
456726719930
456741951512
456084591678
456861330390
456016117352
456813429889
456187821026
456574497459
456789056103
456889644244
456299958477
456654479043
456638428925
456570782832
456769193713
456655826610
456917674570
456262259042
456954956291
456024179756
456352948403
456559101946
456879285824
456935269813
456655511009
456381556617
456500418004
456466358915
456872529122
456995744723
456969165013
456613981112
456181012537
456579166164
456105016574
456698321443
456449242567
456888968583
456584942812
456609170670
456457805942
456705273941
456227210481
456981888285
456983840487
456561404211
456684438084
456338712450
456262732347
456836707322
456309990485
456629174186
456618606159
456104973070
456075943462
456129484876
456658466621
456166042747
456006194774
456261546046
456565144281
456759782014
456529194921
456039217758
456526221589
456062399546
456515813890
456321076739
456935341018
456086572431
456912448001
456168659220
456873113303
456236374097
456747266346
456239339548
456087041969
456145244939
456317726755
456855389422
456385899249
456689002287
456298012867
456859013392
456923782694
456707359526
456044402731
456302987827
456629130740
456480663691
456710032437
456456723949
456409937786
456269759376
456621721867
456047274060
456483885437
456916780420
456381144273
456913410768
456318059846
456929335292
456238050210
456429088730
456550132188
456686756063
456186749398
456466240519
456795117578
456808722977
456527180058
456673372717
456966331209
456854157575
456826164702
456392228612
456376312234
456171580323
456171925979
456395791176
456479987902
456115138838
456606020311
456943223254
