456724101890
456149377123
456746661554
456266586059
456097642389
456520746031
456985947999
456856424342
456073720560
456822159899
456097184802
456299317330
456288925005
456857583754
456536453771
456268334745
456954445916
456607999735
456637778958
456020840296
456575415663
456698689049
456525333804
456193835968
456884950385
456168835700
456364461752
456429022591
456444407424
456059064224
456987598681
456303880801
456940434938
456061259413
456837838663
456708163657
456497346035
456774357842
456015959465
456218112238
456012694694
456061884271
456144834278
456447438365
456135695936
456243616946
456463763808
456752125453
456595394100
456924989588
456114014409
456312088868
456647264945
456304373448
456664384081
456749924952
456094134166
456252034569
456824138903
456908696736
456189567200
456552166226
456396240991
456258078832
456462638673
456811948251
456763288584
456335750065
456737361408
456559174885
456087436926
456238423121
456239952636
456764315090
456216018916
456923145448
456702321171
456212377086
456680775391
456548359016
456769265985
456563480484
456848055171
456770787862
456711500451
456500772917
456803831165
456042303658
456091357598
456695285636
456165270670
456174725467
456241144478
456140532550
456718701938
456826990121
456687487941
456348008201
456954461741
456129265669
456747105587
456332217453
456230829482
456542244490
456837144887
456147515256
456849415007
456380292988
456608981568
456225466685
456540058900
456481482629
456254494135
456991104482
456101172520
456251316981
456241759880
456715992115
456105430575
456508629190
456487516719
456009970178
456086634687
456745637333
456631508739
456298360677
456199215524
456247968849
456601474925
456093722882
456247302202
456335819469
456784683789
456844725648
456564199384
456418627780
456909800035
456441067392
456442373016
456552141154
456724695874
456757101392
456603631036
456780215296
456800319473
456864297179
456603715559
456989940118
456829630238
456500814270
456243961093
456110124038
456882793806
456707840579
456750074168
456890823285
456144284813
456461054018
456700302210
456823058034
456788378734
456489603073
456669492329
456635400572
456768568981
456860890313
456315989507
456658443572
456776447389
456105764912
456688107569
456012364861
456008129686
456451026374
456341580607
456488348749
456378820671
456083053449
456556545593
456113822549
456937599647
456911862883
456639152796
456327693910
456261979047
456599665494
456005754399
456969569159
456853413523
456389328145
456560080424
456540925009
456124511309
456763273702
456273549089
456452470558
456123333165
456489031704
456995680837
456608392121
456221646648
456575621218
456037977593
456803521905
456820293949
456732345300
456104810330
456500214239
456679115002
456019411109
456253853186
456061711689
456979866400
456214639668
456197774595
456176464026
456066014071
456532553292
456148467604
456806020154
456361846116
456336944346
456047925467
456474249184
456774497954
456531661981
456571015548
456931616952
456015200206
456754997775
456798753223
456548084899
456613159926
456845722762
456661493123
456007222392
456141001694
456959477453
456441480087
456350288031
456192495582
456866667028
456927039021
456728013073
456976532120
456208606706
456950500853
456768467350
456536183526
456676722398
456143263721
456655627280
456862006151
456170346993
456831587923
456717019673
456568756455
456899715396
456546306265
456626105143
456307575676
456504700753
456657666795
456041988541
456064127123
456703145999
456765547620
456352468168
456956733777
456475729708
456413015688
456639840126
456227088033
456526274074
456238481442
456609391730
456514186307
456749724552
456635743523
456829324537
456603872706
456450974531
456844268928
456768914643
456377588646
456411947116
456671493390
456020119502
456380659275
456190106860
456352068856
456610848284
456878373761
456273596625
456460625577
456080971654
456933123517
456453765584
456408883802
456312928134
456352761429
456158865910
456484315268
456296740629
456748067063
456115821107
456305472572
456307471808
456197220566
456603871559
456592238025
456294318935
456666813547
456661565651
456521128969
456301894030
456061414273
456813705857
456985995248
456705672893
456342062082
456296675624
456490861184
456110693995
456522163070
456469023188
456355897821
456944190751
456612557291
456718971494
456225553010
456830701733
456323923952
456891717059
456858201085
456563753723
456585071378
456988010731
456199882680
456501213846
456297321845
456376715181
456146612927
456484375820
456803946114
456444906502
456811045544
456731585864
456182825247
456536300062
456367938474
456586654314
456073425479
456554846250
456524358634
456067919067
456188386681
456258576544
456881138949
456954668557
456134164551
456816870063
456985378710
456229777048
456272352334
456329642426
456180684590
456146778909
456691717326
456072939710
456582916914
456189842681
456735543064
456121502639
456447588885
456508722200
456762839039
456210105636
456795000272
456135645746
456626344570
456181264002
456417840985
456182776955
456745861123
456825655469
456958976908
456198798405
456592978654
456428766858
456708811824
456951088526
456614239724
456250365757
456930504392
456013861606
456682980593
456228254645
456479056781
456846679873
456992394550
456071782920
456677559390
456814267545
456486326551
456942407663
456566223566
456906627259
456101481569
456124784073
456852672284
456155260829
456436627173
456850533548
456724295355
456998648483
456907147676
456002113547
456870337068
456812919880
456039185115
456194241890
456782240557
456633746312
456172119307
456455707232
456239298285
456804005451
456821939065
456082312875
456231214783
456679860088
456665437186
456106778200
456159371011
456730411980
456027287150
456666601465
456543447487
456136283699
456183993818
456865966679
456009348016
456851709063
456565934077
456823832540
456023716614
456720669350
456189797581
456388186705
456785444586
456793401800
456983875923
456648769638
456651527391
456011283696
456387571918
456851279441
456282588030
456246861637
456207370654
456714682069
456662096974
456731367432
456517444836
456704102686
456259699171
456120070868
456330466482
456862827124
456283917959
456053816929
456951629112
456867930151
456960806424
456329725605
456530224706
456996078715
456964593924
456499901105
456395481538
456559689713
456055251513
456874229924
456491280213
456212314466
456970022002
456857140089
456983422986
456360515493
456344993600
456375637626
456281544734
456829352770
456481508235
456384388419
456862594113
456938405149
456094347015
456886478165
